0.
0.017282717089513094
0.02949260817634245
0.04035681338829651
0.05044653963584225
0.06000742841553637
0.06917455360342065
0.07803251438547269
0.08663883881030263
0.09503494540908898
0.10325193720406
0.11131394038475141
0.11924015752508103
0.1270461963124201
0.13474496549989437
0.14234729985257988
0.149862408628096
0.15729820530485203
0.16466155511448194
0.1719584642788131
0.17919422701253152
0.18637354134783146
0.1935006015558198
0.2005791727365372
0.2076126516391826
0.2146041167189456
0.22155636968694187
0.2284719702684593
0.23535326548845997
0.2422024145094084
0.2490214098259402
0.25581209545352923
0.2625761826200264
0.2693152633696726
0.2760308224116919
0.28272424748457936
0.2893968384588187
0.29604981536211955
0.30268432548018215
0.3093014496608399
0.31590220792894286
0.3224875645025734
0.3290584322873705
0.3356156769143148
0.34216012037682103
0.3486925443150485
0.355213692988685
0.3617242759738417
0.3682249706149638
0.3747164242586263
0.3811992562926511
0.38767406001105936
0.39414140432284106
0.40060183532037236
0.40705587772143115
0.41350403619715104
0.4199467965968433
0.4263846270794012
0.43281797915992276
0.43924728867927043
0.44567297670344974
0.4520954503589853
0.4585151036098276
0.4649323179807704
0.4713474632318602
0.4777608979878425
0.48417297032629764
0.4905840183277744
0.4969943705909157
0.5034043467152998
0.5098142577544716
0.5162244066414121
0.5226350885885016
0.5290465914638526
0.5354591961457214
0.5418731768565697
0.5482888014782125
0.5547063318493678
0.5611260240468254
0.567548128651334
0.5739728909992564
0.5804005514209091
0.5868313454664766
0.5932655041202989
0.5997032540042757
0.6061448175710765
0.6125904132877952
0.6190402558106355
0.6254945561511827
0.6319535218347639
0.638417357051375
0.6448862627996118
0.6513604370240157
0.6578400747462174
0.6643253681902331
0.6708165069022463
0.6773136778651848
0.6838170656083856
0.6903268523126143
0.6968432179106987
0.7033663401840108
0.70989639485502
0.7164335556761292
0.7229779945149877
0.7295298814364672
0.7360893847814722
0.7426566712427486
0.7492319059378447
0.7558152524793671
0.7624068730426685
0.769006928431096
0.7756155781389185
0.7822329804120511
0.7888592923066804
0.7954946697458932
0.8021392675744079
0.8087932396114949
0.8154567387021744
0.8221299167667748
0.8288129248489241
0.8355059131620529
0.8422090311344731
0.8489224274531036
0.855646250105899
0.8623806464230467
0.8691257631169851
0.8758817463212968
0.8826487416285292
0.8894268941269889
0.8962163484365572
0.9030172487435717
0.9098297388348118
0.9166539621306337
0.923490061717287
0.9303381803784542
0.937198460626044
0.9440710447302726
0.9509560747490665
0.9578536925568139
0.9647640398724946
0.9716872582872175
0.9786234892911889
0.9855728743001423
0.9925355546812454
0.999511671778517
1.0065013669377685
1.0135047815310962
1.0205220569809421
1.0275533347837424
1.0345987565331871
1.0416584639431026
1.048732598869978
1.0558213033351536
1.0629247195466835
1.0700429899208899
1.0771762571036256
1.0843246639912567
1.0914883537513795
1.0986674698432866
1.1058621560381938
1.1130725564392416
1.12029881550128
1.1275410780504524
1.1347994893035895
1.1420741948874176
1.1493653408576021
1.156673073717629
1.1639975404375345
1.1713388884724973
1.178697265781298
1.1860728208446554
1.1934657026834519
1.2008760608768505
1.2083040455803171
1.215749807543555
1.2232134981283556
1.2306952693263773
1.2381952737768585
1.2457136647842701
1.2532505963359197
1.2608062231195074
1.2683807005406431
1.2759741847403356
1.283586832612453
1.2912188018211652
1.298870250818374
1.3065413388611322
1.3142322260290709
1.3219430732418178
1.3296740422764375
1.3374252957848818
1.3451969973114621
1.352989311310348
1.3608024031630972
1.3686364391962251
1.3764915866988119
1.3843680139401584
1.3922658901874976
1.4001853857237532
1.4081266718653715
1.4160899209802091
1.4240753065054983
1.4320830029658849
1.4401131859915461
1.4481660323363934
1.4562417198963653
1.464340427727811
1.4724623360659737
1.4806076263435766
1.488776481209513
1.496969084547649
1.5051856214957402
1.5134262784644676
1.5216912431565972
1.529980704586266
1.5382948530984013
1.5466338803882747
1.5549979795211946
1.5633873449523452
1.5718021725467721
1.5802426595995187
1.5887090048559211
1.5972014085320612
1.6057200723353837
1.614265199485483
1.6228369947350603
1.6314356643910564
1.6400614163359692
1.6487144600493453
1.657395006629473
1.6661032688152526
1.6748394610082766
1.6836037992950992
1.6923965014697147
1.7012177870562442
1.7100678773318294
1.718946995349749
1.727855365962748
1.7367932158465973
1.745760773523877
1.7547582693879884
1.763785935727413
1.772844006750195
1.7819327186086842
1.7910523094245143
1.8002030193138387
1.809385090412821
1.8185987669033843
1.8278442950392269
1.8371219231721017
1.8464319017783724
1.8557744834858423
1.8651499231008632
1.8745584776357316
1.8840004063363673
1.8934759707102924
1.9029854345548958
1.9125290639860082
1.9221071274667794
1.9317198958368544
1.9413676423418786
1.9510506426633054
1.9607691749462701
1.970523519838387
1.9803139605088815
1.9901407826869961
2.000004274691726
2.009904727463616
2.0198424345969044
2.029817692372004
2.039830799788353
2.049882058597607
2.0599717733372
2.070100251364268
2.0802678028899395
2.0904747410140003
2.100721381759929
2.1110080441103216
2.121335050042692
2.131702724565658
2.1421113957555256
2.152561394793262
2.16305305600187
2.173586716884161
2.1841627181609304
2.194781403809551
2.2054431211029684
2.2161482206491114
2.2268970564307287
2.237689985845637
2.248527369747403
2.259409572486437
2.270336961951534
2.281309909611834
2.292328790559227
2.3033939835511816
2.314505871054032
2.3256648392866883
2.336871278264805
2.3481255818453834
2.3594281477718346
2.370779377719479
2.3821796773415036
2.3936294563153706
2.4051291283896727
2.4166791114314523
2.4282798274739665
2.4399317027649072
2.4516351678150827
2.4633906574475444
2.4751986108471753
2.487059471610732
2.4989736877973305
2.510941711979392
2.5229640012940417
2.535041017494947
2.5471732270046004
2.559361100967063
2.571605115301127
2.5839057507539263
2.5962634929549853
2.6086788324706847
2.6211522648591647
2.6336842907256424
2.64627541577814
2.6589261508836333
2.6716370121245876
2.6844085208559036
2.6972412037622373
2.71013559291571
2.7230922258339882
2.736111645538714
2.749194400614298
2.762341045267054
2.7755521393846547
2.78882824859591
2.802169944330848
2.81557780388109
2.829052410460493
2.842594353266072
2.856204227539141
2.8698826346267072
2.8836301820430554
2.897447483531538
2.9113351591265295
2.9252938352155264
2.939324144601388
2.9534267265646674
2.9676022269260383
2.9818512981087606
2.9961745992011917
3.0105727960192836
3.025046561169063
3.039596574109047
3.054223521212565
3.068928095829964
3.083710998350652
3.098572936264941
3.113514624225668
3.1285367841095337
3.143640145078134
3.1588254436386354
3.1740934237040452
3.1894448366530423
3.2048804413893115
3.220401004400332
3.2360072998155727
3.25170010946404
3.267480222931115
3.2833484376146376
3.299305558780157
3.315352399615312
3.3314897812832553
3.347718532975068
3.364039491961084
3.380453503641073
3.3969614215931987
3.4135641076216565
3.4302624318029595
3.4470572725307425
3.4639495165590404
3.480940059043931
3.4980298035834645
3.515219662255791
3.5325105556553833
3.54990341292728
3.5673991717992175
3.5849987786115887
3.6027031883450946
3.6205133646459933
3.638430279848843
3.6564549149966266
3.674588259858124
3.6928313129424533
3.7111850815106133
3.729650581583956
3.748228837949426
3.766920884161443
3.7857277625403416
3.8046505241671618
3.823690228874723
3.842847945234807
3.86212475054132
3.8815217307893084
3.901039980649645
3.9206806034392843
3.940444711086923
3.9603334240938923
3.9803478714901837
4.000489190785404
4.020758527914526
4.041157037178319
4.061685881178216
4.082346230745553
4.1031392648649705
4.124066170591843
4.145128142963558
4.166326384904519
4.1876621071246936
4.209136528011568
4.230750873515323
4.252506377027136
4.274404279250404
4.296445828064769
4.3186322783828
4.340964891999175
4.3634449374322335
4.38607368975779
4.408852430435019
4.431782447124357
4.454865033497245
4.478101489037633
4.501493118835126
4.525041233369675
4.548747148287713
4.572612184169675
4.596637666288789
4.6208249243611155
4.645175292286727
4.669690107882063
4.694370712603323
4.719218451260955
4.744234671725208
4.769420724622741
4.7947779630242975
4.820307742123519
4.846011418906902
4.871890351814981
4.897945900394805
4.924179424943824
4.9505922861452785
4.977185844695231
5.00396146092139
5.030920494393916
5.058064303528343
5.085394245180892
5.11291167423639
5.1406179431889925
5.168514401716063
5.196602396245458
5.224883269516532
5.253358360135231
5.282029002123625
5.310896524464229
5.339962250639592
5.369227498167512
5.398693578132393
5.428361794713145
5.458233444708208
5.488309817058154
5.5185921923664285
5.549081842418811
5.579780029702139
5.610688006922914
5.641807016526444
5.67313829021705
5.704683048480138
5.736442500106696
5.768417841720911
5.800610257311668
5.833020917768565
5.865650980423184
5.898501588596384
5.931573871152292
5.9648689420597565
5.998387899962015
6.032131827755329
6.066101792177261
6.10029884340545
6.134724014667513
6.169378321862873
6.204262763197223
6.239378318830294
6.274725950537693
6.310306601387449
6.346121195431951
6.382170637415893
6.4184558125009215
6.454977586007496
6.491736803174599
6.528734288937828
6.565970847726364
6.603447263279316
6.641164298481898
6.6791226952218405
6.717323174266398
6.755766435160302
6.794453156144973
6.833383994099211
6.87255958450157
6.9119805414146285
6.951647457491239
6.991560904002799
7.03172143088967
7.07212956683358
7.112785819352107
7.153690674914971
7.194844599082091
7.236248036663117
7.277901411898221
7.319805128659883
7.3619595706751815
7.4043651017684065
7.447022066123334
7.489930788564922
7.533091574859667
7.576504712034271
7.62017046871192
7.664089095465573
7.70826082518755
7.752685873474884
7.797364439029477
7.842296704072572
7.887482834772536
7.93292298168535
7.978617280206855
8.024565851036025
8.070768800648388
8.117226221778687
8.163938193912024
8.210904783782553
8.25812604587884
8.305602022955028
8.353332746586384
8.401318237521329
8.449558506474688
8.498053554460407
8.546803373370826
8.595807946504578
8.645067249097199
8.694581248840057
8.7443499064118
8.794373176001079
8.844651005824733
8.895183338643266
8.945970112271672
8.997011260085083
9.048306711518284
9.099856392558863
9.151660226233126
9.203718133084386
9.256030031642961
9.30859583888756
9.36141547069749
9.414488842295235
9.467815868679061
9.521396465045303
9.575230547199894
9.629318031958974
9.683658837538124
9.73825288393019
9.79310009327135
9.848200390195167
9.903553702174726
9.959159959852478
10.015019097357834
10.07113105261231
10.127495767622387
10.184113188759788
10.240983267029417
10.298105958324866
10.35548122367152
10.413109029457367
10.470989347651662
10.5291221560114
10.587507438275843
10.646145184349256
10.705035390471865
10.764178059379407
10.823573200451278
10.883220829847591
10.943120970635384
11.003273652903985
11.063678913870074
11.124336797972445
11.185247356956781
11.246410649950828
11.307826743529892
11.369495711773435
11.431417636312506
11.493592606368663
11.556020718784486
11.618702078046017
11.681636796297402
11.744824993347972
11.808266796672136
11.871962341402291
11.935911770315059
12.000115233811089
12.06457288988887
12.129284904112485
12.194251449574017
12.259472706850499
12.324948863955905
12.390680116288317
12.45666666657261
12.522908724798933
12.589406508156939
12.656160240966612
12.72317015460519
12.790436487431062
12.857959484704411
12.925739398505106
12.993776487647935
13.062071017595358
13.130623260368104
13.199433494453679
13.26850200471313
13.337829082286042
13.407415024494114
13.477260134743469
13.547364722425806
13.617729102818538
13.688353596984188
13.759238531669066
13.83038423920141
13.901791057389213
13.973459329417642
14.045389403746547
14.117581634007703
14.190036378902354
14.262754002098843
14.335734872130587
14.408979362294517
14.482487850549862
14.556260719417763
14.630298355881239
14.704601151286244
14.779169501243274
14.854003805529974
14.929104467994737
15.004471896461158
15.080106502633782
15.156008702004776
15.232178913761834
15.30861756069732
15.385325069118624
15.462301868759823
15.539548392694616
15.617065077250729
15.694852361925493
15.772910689303057
15.851240504972802
15.92984225744934
16.00871639809392
16.087863381037277
16.167283663104005
16.246977703738345
16.32694596493154
16.40718891115057
16.487707009268604
16.568500728496577
16.649570540316702
16.73091691841707
16.812540338628022
16.894441278859794
16.976620219041763
17.059077641063077
17.14181402871476
17.224829867633254
17.3081256452453
17.391701850714384
17.475558974888415
17.55969751024883
17.644117950861112
17.728820792326527
17.813806531735313
17.89907566762107
17.984628699916424
18.07046612991004
18.156588460204812
18.242996194677254
18.32968983843809
18.41666989779412
18.503936880211057
18.591491294277617
18.679333649670724
18.767464457121736
18.85588422838369
18.944593476199813
19.03359271427267
19.122882457234724
19.212463220619544
19.30233552083407
19.39249987513184
19.482956801587143
19.573706819045977
19.664750447193597
19.7560882063991
19.847720617777618
19.93964820314826
20.031871485012957
20.12439098653646
20.217207231526704
20.310320744416096
20.403732050243402
20.497441674636317
20.591450143794738
20.68575798447449
20.780365723971904
20.875273890108815
20.970483011218185
21.065993616130246
21.161806234159254
21.257921395090694
21.354339629169004
21.451061467085815
21.548087439968594
21.64541807936981
21.74305391725649
21.840995486000274
21.93924331836772
22.037797947511216
22.136659906960087
22.235829730612167
22.3353079527257
22.435095107911597
22.535191731125973
22.63559835766308
22.736315523148455
22.837343763532424
22.93868361508387
23.04033561438425
23.142300298321928
23.24457820408666
23.347169869164453
23.45007583133254
23.553296628654625
23.656832799476298
23.76068488242078
23.864853416384676
23.9693389405341
24.074141994300803
24.17926311737866
24.28470284972012
24.390461731533
24.49654030327734
24.602939105662333
24.709658679643596
24.816699566420347
24.92406230743285
25.03174744435994
25.13975551911665
25.248087073852002
25.35674265094681
25.46572279301166
25.575028042884988
25.68465894363119
25.794616038538855
25.90489987111908
26.0155109851039
26.126449924444753
26.23771723331095
26.349313456088304
26.461239137377937
26.573494821994792
26.686081054966653
26.798998381532815
26.912247347143115
27.02582849745683
27.139742378341616
27.253989535872716
27.368570516331943
27.483485866206806
27.598736132189696
27.7143218611772
27.83024360026915
27.946501896768062
28.063097298178377
28.180030352205808
28.2973016067567
28.41491160993748
28.532860910053977
28.651150055611012
28.76977959531164
28.888750078056884
29.0080620529451
29.127716069271546
29.24771267652794
29.368052424401895
29.488735862776775
29.609763541731013
29.73113601153787
29.85285382266501
29.974917525774146
30.097327671720716
30.22008481155346
30.343189496514245
30.466642278037522
30.590443707750243
30.714594337471446
30.839094719211946
30.96394540517411
31.089146947751566
31.214699899528934
31.3406048132815
31.466862241975104
31.593472738765723
31.720436856999406
31.84775515021185
31.975428172128304
32.10345647666328
32.231840617920376
32.36058115019201
32.489678627959165
32.619133605891285
32.74894663884607
32.87911828186911
33.009649090193825
33.14053961924124
33.271790424619816
33.403402062125146
33.53537508773987
33.66771005763346
33.80040752816202
33.93346805586815
34.06689219748065
34.200680509914456
34.3348335502704
34.469351875835066
34.60423604408061
34.73948661266457
34.875104139429645
35.01108918240362
35.147442299799195
35.28416405001368
35.421254991629
35.55871568341142
35.69654668431136
35.834748553463406
35.97332185018584
36.11226713398083
36.25158496453394
36.39127590171427
36.531340505574036
36.671779336348564
36.81259295445605
36.95378192049753
37.09534679525649
37.23728813969901
37.379606514973304
37.52230248240979
37.66537660352086
37.808829440000615
37.95266155372497
38.0968735067512
38.241465861318
38.38643917984523
38.531794024933795
38.67753095936552
38.82365054610297
38.97015334828919
39.1170399292478
39.26431085248265
39.41196668167773
39.56000798069694
39.70843531358415
39.85724924456283
40.006450338036025
40.156039158586076
40.306016270974716
40.4563822401427
40.607137631209646
40.7582830094741
40.90981894041321
41.06174598968264
41.21406472311638
41.366775706726656
41.51987950670377
41.67337668941594
41.82726782140916
41.981553469407054
42.13623420031076
42.29131058119877
42.446783179326715
42.60265256212732
42.75891929721028
42.91558395236198
43.07264709554543
43.23010929490023
43.38797111874228
43.54623313556365
43.704895914032456
43.86396002299285
44.023426031464616
44.18329450864333
44.34356602389991
44.504241146780814
44.66532044700761
44.82680449447691
44.988693859260366
45.15098911160444
45.31369082193013
45.47679956083307
45.6403158990833
45.80424040762504
45.96857365757667
46.1333162202305
46.29846866705278
46.46403156968329
46.63000549993558
46.79639102979648
46.96318873142621
47.13039917715805
47.29802293949835
47.46606059112641
47.63451270489416
47.80337985382631
47.97266261111985
48.14236155014425
48.31247724444123
48.483010267724495
48.65396119387974
48.82533059696443
48.997119051207804
49.16932713101056
49.3419554109449
49.51500446575418
49.68847487035308
49.86236719982715
50.03668202943288
50.21141993459756
50.38658149091907
50.562167274165766
50.73817786027638
50.91461382535986
51.09147574569538
51.26876419773191
51.446479758088394
51.62462300355344
51.803194511085266
51.98219485781147
52.161624621029105
52.34148437820434
52.521774706972415
52.70249618513756
52.883649390672815
53.06523490171985
53.247253296588916
53.429705153758825
53.61259105187649
53.79591156975718
53.97966728638409
54.16385878090845
54.348486632649184
54.533551421092994
54.7190537258941
54.904994126874115
55.09137320402197
55.278191537493825
55.465449707612805
55.653148294869005
55.84128787991936
56.02986904358741
56.218892366863315
56.40835843090362
56.5982678170312
56.788621106735135
56.979418881670526
57.17066172365844
57.36235021468578
57.55448493690511
57.74706647263457
57.940095404357756
58.13357231472364
58.32749778654634
58.52187240280509
58.716696746644075
58.91197140137236
59.107696950463705
59.303873977556506
59.5005030664536
59.69758480112222
59.89511976569387
60.09310854446413
60.29155172189261
60.49044988260284
60.689803611382075
60.88961349318124
61.089880113114766
61.290604056460595
61.49178590865988
61.69342625531697
61.8955256821993
62.098084775237275
62.30110412052401
62.5045843043155
62.70852591303022
62.91292953324918
63.11779575171572
63.32312515533548
63.528918331176165
63.735175866467564
63.941898348601306
64.14908636513086
64.35674050377136
64.56486135239946
64.77344949905326
64.98250553193223
65.19203003939705
65.40202360988916
65.6124868322389
65.82342029522098
66.03482458783961