Terminal ready
598
598
598
598
598
598
598
598
598
598
598
598
598
598
598
598
598
598
598
598
598
598
598
598
598
598
598
598
598
598
598
598
598
598
598
598
598
598
598
598
598
598
598
598
598
597
598
598
598
598
598
598
598
598
598
598
598
598
598
598
598
598
598
598
597
598
598
598
598
598
598
598
598
598
598
598
598
598
598
598
598
598
598
598
598
598
598
598
598
598
598
598
598
598
598
597
598
598
598
598
598
598
598
598
598
598
598
598
598
597
598
598
598
598
598
598
598
598
598
598
598
598
598
598
598
598
598
597
598
598
598
598
598
598
598
598
598
598
598
598
598
598
598
598
598
598
598
598
598
598
598
598
598
598
598
598
598
598
598
598
598
598
598
598
598
598
598
597
598
598
598
598
598
597
598
598
598
598
598
598
598
598
598
598
598
598
598
598
598
598
598
597
598
598
598
598
598
598
598
598
598
598
598
598
598
598
598
598
598
598
598
598
598
598
598
597
598
598
598
598
598
598
599
598
598
598
598
598
598
597
598
598
598
598
598
598
598
598
598
598
598
597
598
598
598
598
598
598
598
598
598
598
598
598
598
598
598
598
598
598
598
598
598
598
598
598
598
598
598
598
598
598
598
598
598
598
598
598
598
598
598
598
598
598
598
598
598
598
597
598
597
598
598
598
598
598
598
598
598
598
598
598
598
597
598
598
598
598
598
598
598
598
598
598
598
598
598
598
598
598
598
598
598
598
598
598
598
598
598
598
598
598
598
598
598
598
598
598
598
598
598
598
598
598
598
598
598
598
598
598

Thanks for using picocom
picocom v1.7

port is        : /dev/ttyACM0
flowcontrol    : none
baudrate is    : 115200
parity is      : none
databits are   : 8
escape is      : C-a
local echo is  : no
noinit is      : no
noreset is     : no
nolock is      : no
send_cmd is    : sz -vv
receive_cmd is : rz -vv
imap is        : 
omap is        : 
emap is        : crcrlf,delbs,

