61
164
233
279
310
331
345
354
360
364
366
367
368
368
368
368
368
368
368
368
368
368
368
368
368
368
368
368
368
368
368
368
368
368
368
368
368
368
368
368
369
369
369
369
369
369
368
367
366
365
364
363
362
361
360
359
358
357
356
355
354
353
353
352
352
352
352
351
351
351
350
349
348
348
347
347
347
347
347
347
347
347
347
347
347
348
348
349
350
351
352
352
352
353
353
353
353
353
353
353
353
353
353
353
353
353
353
353
354
354
354
354
354
354
354
354
354
354
354
354
354
354
355
356
356
357
357
357
357
357
357
357
357
357
357
357
358
358
359
360
362
363
365
367
370
373
376
380
386
393
399
405
412
419
428
435
443
451
457
463
468
474
480
484
488
492
496
501
505
508
511
514
517
520
522
523
524
525
526
527
527
527
526
524
523
521
520
519
518
517
517
517
518
520
522
525
527
529
531
533
534
535
536
537
538
539
540
540
541
541
541
540
539
537
535
533
531
529
527
525
523
521
520
519
518
517
516
515
514
513
512
511
510
509
509
508
507
506
505
504
503
502
502
501
500
499
498
497
496
494
493
491
488
484
479
475
471
467
464
461
460
460
460
461
462
463
464
466
468
470
472
474
476
477
477
476
475
475
475
475
475
474
473
472
472
472
472
472
472
472
472
472
472
472
473
473
473
472
471
469
465
461
457
453
450
447
444
442
440
438
436
434
432
429
426
423
419
415
411
407
404
401
399
396
391
387
384
382
380
377
375
372
370
368
366
364
362
360
359
358
357
356
355
355
354
354
353
353
353
353
353
353
353
352
351
351
350
349
348
347
346
346
345
344
344
343
342
341
341
340
340
339
338
337
336
336
335
334
334
334
333
333
333
333
333
333
333
333
333
332
332
332
332
332
332
332
332
332
332
332
332
332
332
332
331
331
331
331
331
331
331
330
330
330
330
330
330
330
330
330
330
330
330
330
330
330
330
330
330
330
330
330
330
330
330
330
330
330
330
330
