1023
1023
1023
1023
1023
1023
1023
1023
1023
1023
1022
1023
1023
1023
1023
1023
1023
1023
1023
1023
1023
1023
1023
1023
1023
1023
1023
1023
1023
1023
1023
1023
1023
1023
1023
1023
1023
1023
1023
1023
1023
1023
1023
1023
1023
1023
1023
1023
1023
1023
1023
1023
1023
1023
1023
1023
1023
1023
1023
1023
1023
1023
1023
1023
1023
1023
1023
1023
1023
1023
1023
1023
1023
1023
1023
1023
1023
1023
1023
1023
1023
1023
1023
1023
1023
1023
1023
1023
1023
1023
1023
1023
1023
1023
1023
1023
1023
1023
1023
955
909
833
781
739
713
695
669
654
640
636
625
631
631
660
653
655
653
677
670
658
684
676
676
686
733
793
799
851
851
827
814
805
800
808
810
826
828
854
837
831
656
584
597
590
589
581
577
583
588
592
585
609
657
886
742
844
827
820
857
742
932
837
992
1023
1023
1023
1023
1023
1023
1023
1023
1023
1023
1023
1023
1023
1023
1023
1023
1023
1023
1023
1023
1023
1023
1023
1023
1023
1023
1023
1023
956
1021
993
991
778
757
739
718
702
684
679
667
679
713
695
703
705
708
692
708
717
729
726
759
760
734
742
732
762
764
825
789
721
729
727
733
742
739
807
796
810
820
1023
854
875
922
893
904
907
914
926
946
970
981
974
982
978
980
979
981
977
979
980
974
972
972
977
973
965
969
970
966
960
966
965
958
960
954
947
942
941
941
931
921
926
920
880
818
823
813
816
810
819
814
825
819
809
808
818
832
817
824
826
824
382
376
374
373
374
387
383
384
383
379
375
381
382
377
368
363
366
364
364
361
360
362
367
361
356
352
348
349
346
349
342
335
338
336
336
336
339
338
338
335
334
328
331
331
331
332
335
344
339
337
331
329
325
325
327
326
332
331
328
324
323
325
327
329
328
326
326
326
323
324
325
324
321
322
322
322
324
326
327
327
327
325
324
325
325
326
330
327
333
336
338
346
345
340
342
340
337
334
333
330
328
324
325
323
322
322
318
321
320
326
326
322
322
321
317
319
321
323
325
328
330
328
333
347
345
366
365
372
402
407
439
482
542
744
728
679
704
988
770
787
817
799
729
730
906
900
899
906
749
746
746
729
709
679
648
598
982
541
518
513
574
507
493
364
344
330
318
311
303
303
295
295
292
287
287
286
285
282
282
283
282
282
281
285
281
281
293
299
318
307
307
300
320
315
308
323
324
312
303
300
300
312
314
312
311
302
296
293
295
299
307
320
329
333
343
350
331
1023
1023
1023
1023
1023
1023
582
1023
468
493
519
566
647
687
737
775
798
818
825
836
864
884
931
956
964
973
970
980
989
980
984
1020
1009
1023
1023
1023
1023
1023
1023
1023
1007
958
898
890
867
826
794
756
711
618
597
545
481
426
400
364
350
362
399
415
402
392
375
372
366
353
345
475
416
360
345
373
472
356
520
330
624
320
341
312
318
357
433
980
491
374
474
667
630
771
601
659
534
399
317
299
296
291
292
313
310
305
309
316
401
365
366
391
427
462
1023
896
797
806
837
869
854
859
850
881
887
898
940
956
974
973
966
974
964
962
946
929
935
930
938
937
968
968
985
991
988
992
1001
1005
1013
1020
1020
1019
1020
1016
1009
1010
1003
1000
998
985
987
986
989
988
992
983
1001
1000
1003
999
1006
1006
1017
1023
1020
1018
1018
1019
1018
1023
1018
1017
1020
1020
1015
1011
1006
1007
1008
1014
1007
1005
1004
1016
1011
1005
999