0
0
0
0
0
0
0
0
0
0
0
0
0
0
0
0
0
0
0
0
0
0
0
0
0
0
0
0
0
0
0
0
0
0
1
1
1
1
1
0
0
0
1
1
1
2
4
6
5
5
6
4
2
1
0
0
0
0
2
7
11
13
15
16
16
14
13
12
12
12
12
12
12
12
10
10
10
10
9
9
9
9
9
8
7
8
7
5
6
7
8
8
8
7
7
7
7
7
7
6
5
6
6
6
6
6
8
10
10
11
12
13
12
11
12
12
12
12
12
12
12
12
13
13
13
13
13
14
15
16
16
16
15
14
12
11
10
11
12
12
12
12
12
11
11
11
11
11
11
11
11
11
11
11
10
10
10
10
10
10
9
8
8
8
8
7
6
5
4
4
4
5
5
4
2
1
0
0
0
0
0
0
0
0
0
0
0
0
0
0
0
0
0
0
0
0
0
0
0
0
0
0
0
0
0
0
0
0
0
0
0
0
0
0
0
0
0
0
0
0
0
0
0
0
0
0
0
0
0
0
0
0
0
0
0
0
0
0
0
0
0
0
0
0
0
0
0
0
0
0
0
0
0
0
0
0
0
0
0
0
0
0
0
0
0
0
0
0
0
0
0
0
0
0
0
0
0
0
0
0
0
0
0
0
0
0
0
0
0
0
0
0
0
0
0
0
0
0
0
0
0
0
0
0
0
0
0
0
0
0
0
0
0
0
0
0
0
0
0
0
0
0
0
0
0
0
0
0
0
0
0
0
0
0
0
0
0
0
0
0
0
0
0
0
0
0
0
0
0
0
0
0
0
0
0
0
0
0
0
0
0
0
0
0
0
0
0
0
0
0
0
0
0
0
0
0
0
0
0
0
0
0
0
0
0
0
0
0
0
0
0
0
0
0
0
0
0
0
0
0
0
0
0
0
0
0
0
0
0
0
0
0
0
0
0
0
0
0
0
0
0
0
0
0
0
0
0
0
0
0
0
0
0
0
0
0
0
0
23
66
100
123
139
157
176
189
200
211
218
222
225
227
230
235
242
247
251
253
255
259
265
270
272
275
277
280
285
290
294
297
300
301
304
308
311
313
315
317
319
320
320
321
321
321
322
323
323
324
324
324
324
325
324
322
320
317
313
309
305
299
294
290
287
285
284
283
281
273
256
236
222
210
201
193
184
176
168
159
149
141
135
126
113
98
81
66
50
37
29
24
19
11
5
2
1
0
0
0
0
0
2
9
18
26
31
34
41
51
58
68
81
94
109
123
136
146
153
159
166
179
193
203
211
219
230
242
252
258
263
268
271
273
275
275
271
268
273
284
291
296
300
304
306
308
310
312
314
316
319
321
323
324
324
324
324
325
326
327
328
327
323
317
311
306
303
299
295
290
284
272
255
237
219
206
195
187
180
172
163
152
140
127
116
108
101
94
83
69
58
51
45
44
44
43
44
44
43
39
35
31
28
28
29
31
33
34
35
36
37
38
39
39
39
39
40
42
48
59
72
83
92
98
103
108
114
121
127
135
144
152
159
166
173
179
186
192
197
199
200
203
207
210
212
216
222
224
225
230
234
237
239
240
241
243
245
246
248
251
253
254
254
253
249
242
181
94
48
25
13
6
43
103
133
146
149
146
139
134
131
128
121
113
99
76
54
36
21
10
5
2
1
0
0
0
0
0
0
0
0
0
0
0
0
0
0
0
0
0
0
0
0
0
0
0
0
0
0
0
0
0
0
0
0
0
0
0
0
0
0
0
0
0
0
0
0
0
0
0
0
0
0
0
0
0
0
0
0
0
0
0
0
0
10
31
56
84
113
136
155
173
193
212
225
233
240
246
252
257
262
269
276
285
295
306
317
326
336
346
355
362
368
373
380
388
398
407
413
420
428
437
446
454
461
468
474
479
483
485
488
493
496
497
496
495
495
495
500
507
512
515
517
519
517
508
501
500
503
508
512
515
516
515
512
508
505
504
506
507
507
508
512
516
520
526
535
544
550
554
556
556
559
566
574
581
585
587
587
587
588
590
591
592
594
596
599
602
605
607
608
608
609
608
607
595
580
575
570
567
566
565
566
568
573
579
592
606
610
623
643
651
651
645
635
478
248
129
67
34
17
8
4
43
100
123
118
104
90
65
43
29
18
9
4
2
1
0
0
0
0
0
0
0
0
0
0
0
0
0
0
0
0
0
0
0
0
0
0
0
0
0
0
0
0
0
0
0
0
0
0
0
0
0
0
0
0
0
0
0
0
2
18
59
112
154
180
197
