0
0
0
0
0
0
0
0
0
0
0
0
0
0
0
0
0
0
0
0
0
0
0
0
0
0
0
0
0
0
0
0
0
1
2
2
2
2
2
1
0
0
2
2
2
3
5
7
6
5
7
5
3
2
1
1
0
0
3
8
12
15
16
17
17
15
14
13
13
13
13
13
13
13
11
11
11
11
10
9
9
10
10
9
8
9
8
6
7
9
9
9
9
8
8
8
8
8
8
7
6
7
7
7
8
8
9
11
11
12
13
14
13
12
13
13
13
12
12
13
13
14
14
15
15
14
15
16
16
17
17
17
16
14
13
11
11
12
13
13
13
13
13
12
12
12
12
11
11
12
12
12
12
12
11
11
12
11
11
10
9
9
9
9
8
7
7
6
5
5
5
6
6
5
3
2
1
0
0
0
0
0
0
0
0
0
0
1
0
0
0
0
0
0
0
0
0
0
0
0
0
0
0
0
0
0
0
0
0
0
0
0
0
0
0
0
0
0
0
0
0
0
0
0
0
0
0
0
0
0
0
0
0
0
0
0
0
0
0
0
0
0
0
0
0
0
0
0
0
0
0
0
0
0
0
0
0
0
0
0
0
0
0
0
0
0
0
0
0
0
0
0
0
0
0
0
0
0
0
0
0
0
0
0
0
0
0
0
0
0
0
0
0
0
0
0
0
0
0
0
0
0
0
0
0
0
0
0
0
0
0
0
0
0
0
0
0
0
0
0
0
0
0
0
0
0
0
0
0
0
0
0
0
0
0
0
0
0
0
0
0
0
0
0
0
0
0
0
0
0
0
0
0
0
0
0
0
0
0
0
0
0
0
0
0
0
0
0
0
0
0
0
0
0
0
0
0
0
0
0
0
0
0
0
0
0
0
0
0
0
0
0
0
0
0
0
0
0
0
0
0
0
0
0
0
0
0
0
0
0
0
0
0
0
0
0
0
0
0
0
0
0
0
0
0
0
0
0
0
0
0
0
0
0
0
0
0
0
23
67
101
124
140
158
177
190
201
212
219
223
226
228
231
237
243
249
252
254
256
260
266
271
273
276
278
280
286
291
295
298
301
302
305
309
312
314
316
318
320
321
321
322
322
322
323
324
324
325
325
325
326
327
325
323
321
318
314
310
306
300
295
291
288
286
285
284
282
274
257
237
223
210
201
194
185
177
169
160
150
143
137
127
114
99
82
67
52
38
30
26
20
12
6
3
2
1
0
0
0
0
3
10
19
27
32
35
42
52
60
69
82
95
110
124
137
147
154
160
167
180
194
204
212
220
231
243
253
260
264
269
272
274
276
276
272
269
274
285
292
297
301
305
307
309
311
313
315
317
320
322
324
325
325
326
326
326
327
328
329
328
325
319
313
308
304
300
296
291
285
273
256
238
220
207
196
188
181
173
164
154
142
128
117
109
102
95
84
70
59
52
46
45
45
44
45
45
44
40
36
31
29
30
31
32
34
35
36
37
39
39
40
40
39
40
41
43
49
60
73
84
93
99
105
109
115
122
128
136
145
153
160
167
174
180
187
193
197
200
201
203
207
211
213
217
223
225
226
231
235
238
240
241
242
244
246
247
250
252
254
255
255
254
250
243
182
95
49
26
13
7
44
104
134
147
150
147
140
135
132
129
122
114
100
77
55
37
22
11
6
3
2
1
0
0
0
0
0
0
0
0
0
0
0
0
0
0
0
0
0
0
0
0
0
0
0
0
0
0
0
0
0
0
0
0
0
0
0
0
0
0
0
0
0
0
0
0
0
0
0
0
0
0
0
0
0
0
0
0
0
0
0
0
10
32
57
85
114
137
156
174
194
213
226
234
241
247
253
258
264
270
277
286
296
306
317
327
336
347
355
363
369
374
381
390
399
408
414
421
429
438
447
455
463
469
475
480
484
486
489
494
497
498
497
496
496
496
501
508
513
516
518
520
518
509
502
501
504
509
513
516
517
516
513
509
506
505
507
508
508
509
513
517
521
527
536
545
551
555
557
557
560
568
575
582
587
588
588
588
588
590
592
593
595
597
600
604
606
608
609
609
610
609
608
596
581
576
571
568
567
566
567
570
574
580
593
607
611
624
644
652
652
646
636
479
250
130
68
36
19
10
5
44
100
124
119
105
91
67
45
31
19
10
5
3
1
1
0
0
0
0
0
0
0
0
0
0
0
0
0
0
0
0
0
0
0
0
0
0
0
0
0
0
0
0
0
0
0
0
0
0
0
0
0
0
0
0
0
0
0
2
19
60
113
154
180
198
